3.393484260953469889e+00 -6.116874584718190108e-03 4.175577502587210217e-04
2.966045306913740021e+00 9.518703382151429970e-01 8.216669246503439661e-01
1.839306570843880051e+00 1.547777269472540018e+00 1.256261340992220088e+00
4.691354755234620200e-01 1.544069596459539895e+00 1.005920864749539900e+00
-6.014242142564100169e-01 1.042864465881959912e+00 4.976013519619380127e-03
-1.571382425134500105e+00 3.682381230585269893e-01 -1.000575046823670045e+00
-2.262948133889380209e+00 -8.154966504497990210e-01 -1.254717226153559961e+00
-2.312807656527899880e+00 -2.090449025325470167e+00 -8.212506599915500027e-01
-1.697658379624600089e+00 -2.940750788007730154e+00 5.643754478075110057e-04
-6.535807167313559818e-01 -3.048353724844239832e+00 8.221628184237119719e-01
4.259137950973340137e-01 -2.368079789774760080e+00 1.255166163721399997e+00
1.105904056030329929e+00 -1.177962636243599981e+00 1.000772459627669919e+00
1.104660821137330107e+00 1.177117846715509897e+00 -1.005261258968860094e+00
4.226606959701569854e-01 2.365594949924219925e+00 -1.255632659371979987e+00
-6.571000336367519568e-01 3.043138570972330204e+00 -8.211357010666070488e-01
-1.700689739658820088e+00 2.933655802979790117e+00 -8.249877954275729912e-05
-2.315504961884640167e+00 2.082920859811450143e+00 8.206747996501769782e-01
-2.265641667701249862e+00 8.085108872189169515e-01 1.254084079337729918e+00
-1.573920840301259894e+00 -3.747521511412740258e-01 1.001466528208780016e+00
-6.030553100310780401e-01 -1.049320920563330040e+00 -2.316889465083289950e-03
4.670830584434420008e-01 -1.552245143683840034e+00 -1.004148786570810081e+00
